<html>

010010001010101 10101010 1010111 1 11 11 010101 1010010011 10101 10101 11101 101 101 100100001101 0101 011010 101010 10100001 1011101 10101 101010 1010110110 01010111010100100
1110100 01100101 01110011 01110100 01101001 01101110 01100111 00100000 01101111 01110101 01110100 00100000 01110000 01101001 01101110 01110111 01101000 01100101 01100101 01101100 00100
000 01110000 01110010 01101111 0 1101010 01100101 01100011 01110100 00100000 01110011 01101111 01101101 01100101 01110100 01101000 01101001 01101110 0110011 1 00100000 01101100 01101111 01110010 011001

01 01101101 00100000 01101001 01110000 01110011 01110101 01101101 00100000 01100100 01101111 0 1101100 01101111 01110010 00100000 01110011 01101001 01110100 00100000 0110 0001 011
01101 01100101 01110100 00101110 00100000 01110100 011

01000 01100101 00100000 01110001 01110101 01101001 01100011 01101011 00100000 01100010 01110010 01101111 01110111 0110 1110 00100000 01100110 01101111 01111000 00100000 01101010 01110101 01101101 01110000 01110011 00100000 01101111 01110110 01100101 01110010 00100000 01110100 01101000 01100101 00100000 01101100 01100001 01111010 01111001 00100000 01100100 01101111 01100111 00101110 01110100 01100101 01110011 01110100 01101001 01101110 01100111 00100000 01101111 01110101 01110100 00100000 01110000 01101001 01101110 01110111 01101000 01100101 01100101 01101100 00100000 01110000 01110010 01101111 01101010 01100101 01100011 01110100 00100000 01110011 01101111 01101101 01100101 01110100 01101000 01101001 01101110 01100111 00100000 01101100 01101111 01110010 01100101 01101101 00100000 01101001 01110000 01110011 01110101 01101101 00100000 01100100 01101111 01101100 01101111 01110010 00100000 01110011 01101001 01110100 00100000 01100001 01101101 01100101 01110100 00101110 00100000 01110100 01101000 01100101 00100000 01110001 01110101 01101001 01100011 01101011 00100000 01100010 01110010 01101111 01110111 01101110 00100000 01100110 01101111 01111000 00100000 01101010 01110101


01101101 01110000 01110011 00100000 01101111 01110110 01100101 01110010 00100000 01110100 01101000 01100101 00100000 01101100 01100001 01111010 01111001 00100000 01100100 01101111 0
1100111 00101110 01110100 01100101 01110011 01110100 01101001 01101110 01100111 00100000 01101111 01110101 01110100 00100000 01110000 01101001 01101110 01110111 01101000 01100101 01100101 01101100 00100000 01110000 01110010 01101111 01101010 01100101 01100011 01110100 00100000 01110011 01101111 01101101 01100101 01110100 01101000 01101001 01101110 01100111 00100000 01101100 01101111 01110010 01100101 01101101 00100000 01101001 01110000 01110011 01110101 01101101 00100000 01100100 01101111 01101100 01101111 01110010 00100000 01110011 01101001 01110100 00100000 01100001 01101101 01100101 01110100 00101110 0010
0000 01
110100 01101000 01100101 00100000 01110001 01110101 01101001 01100011 01101011 00100000 01100010 01110010 01101111 01110111 01101110 00100000 01100110 01101111 01111000 00100000 01101010 01110101 01101101 01110000 01110011 00100000 01101111 01110110 01100101 01110010 00100000 01110100 01101000 01100101 00100000
01101100 01100001 01111010 01111001 00100000 01100100 01101111 01100111 00101110 01110100 01100101 01110011 01110100 01101001 01101110 01100111 00100000 01101111 01110101 01110100 0010

0000 01110000 01101001 01101110 01110111 01101000 01100101 01100101 01101100 00100000 01110000 01110010 01101111 01101010 01100101 01100011 01110100 00100000 01110011 01101111 01101
101 01100101 01110100 01101000 01101001 01101110 01100111 00100000 01101100 01101111 01110010 01100101 01101101 00100000 01101001 01110000 01110011 01110101 01101101 00100000 01100
100 01101111 01101100 01101111 011

10010 00100000 01110011 01101001 01110100 00100000 01100001 01101101 01100101 01110100 00101110 00100000 01110100 01101000 01100101 00100000 01110001 01110101 01101001 01100011
01101011 00100000 01100010 01110010 01101111 01110111 01

101110 00100000 01100110 01101111 01111000 00100000 01101010 01110101 01101101 01110000 01110011 00100000 01101111 01110110 01100101 01110010 00100000 01110100 01101000 
01100101 00100000 01101100 01100001 01111010 01111001 00100000 01100100 01101111 01100111 00101110 01110100 01100101 01110011 01110100 01101001 01101110 01100111 00100000 011
01111 01110101 01110100 0010000
0 01110000 01101001 01101110 01110111 01101000 01100101 01100101 01101100 00100000 01110000 01110010 01101111 01101010 01100101 01100011 01110100 00100000 01110011 01101111 01101101 0110
0101 01110100 01101000 01101001 01101110 01100111 00100000 01101100 01101111 01110010 01100101 01101101 00100000 01101001 01110000 01110011 01110101 01101101 00100000 01100100 01101111 01101100 
01110010 00100000 0111001
1 01101001 01110100 00100000 01100001 01101101 01100101 01110100 00101110 00100000 01110100 01101000 01100101 00100000 01110001 01110101 01101001 01100011 01101011 00100000 01100010 0111
0010 01101111 01110111 01101110 00100000 01100110 01101111 01111000 00100000 01101010 01110101 01101101 01110000 01110011 00100000 01101111 01110110 01100101 01110010 00100000 01110100 01
1 01000 01100101 00100000 01101100 01100001 01111010 01111001 00100000 01100100 01101111 01100111 00101110

</html>
